"","A","R","N","D","C","E","Q","G","H","I","L","K","M","F","P","S","T","W","Y","V"
"sp|A0A0C5B5G6|MOTSC_HUMAN",0,0.1875,0,0,0,0.0625,0.0625,0.0625,0,0.0625,0.0625,0.0625,0.125,0.0625,0.0625,0,0,0.0625,0.125,0
"sp|A1E959|ODAM_HUMAN",0.0681003584229391,0.017921146953405,0.032258064516129,0.025089605734767,0,0.0537634408602151,0.146953405017921,0.0645161290322581,0.00716845878136201,0.0537634408602151,0.111111111111111,0.021505376344086,0.028673835125448,0.0501792114695341,0.118279569892473,0.0752688172043011,0.0537634408602151,0.00716845878136201,0.028673835125448,0.03584229390681
"sp|A1KXE4|F168B_HUMAN",0.117948717948718,0.0153846153846154,0.0358974358974359,0,0.00512820512820513,0,0.0461538461538462,0.0923076923076923,0.0256410256410256,0.0153846153846154,0.0153846153846154,0.0102564102564103,0.041025641025641,0.0102564102564103,0.194871794871795,0.0769230769230769,0.107692307692308,0.00512820512820513,0.102564102564103,0.0820512820512821
"sp|A8K7I4|CLCA1_HUMAN",0.0678336980306346,0.0361050328227571,0.0579868708971554,0.050328227571116,0.0142231947483589,0.0536105032822757,0.0536105032822757,0.075492341356674,0.0153172866520788,0.0711159737417943,0.0853391684901532,0.0579868708971554,0.0131291028446389,0.0350109409190372,0.0536105032822757,0.0765864332603939,0.0787746170678337,0.0153172866520788,0.025164113785558,0.0634573304157549
"sp|O14543|SOCS3_HUMAN",0.0533333333333333,0.0577777777777778,0.0222222222222222,0.0355555555555556,0.0133333333333333,0.0488888888888889,0.0533333333333333,0.0622222222222222,0.0266666666666667,0.0222222222222222,0.106666666666667,0.0444444444444444,0.0133333333333333,0.0444444444444444,0.111111111111111,0.124444444444444,0.0577777777777778,0.00444444444444444,0.0355555555555556,0.0622222222222222
"sp|O14793|GDF8_HUMAN",0.04,0.048,0.0426666666666667,0.0666666666666667,0.0373333333333333,0.0613333333333333,0.048,0.056,0.016,0.0693333333333333,0.088,0.0746666666666667,0.024,0.0373333333333333,0.064,0.056,0.0613333333333333,0.016,0.0346666666666667,0.0586666666666667
"sp|O14879|IFIT3_HUMAN",0.0693877551020408,0.0326530612244898,0.0653061224489796,0.0469387755102041,0.026530612244898,0.110204081632653,0.0693877551020408,0.0510204081632653,0.0204081632653061,0.0346938775510204,0.112244897959184,0.0836734693877551,0.0163265306122449,0.0285714285714286,0.0326530612244898,0.073469387755102,0.0306122448979592,0.0102040816326531,0.0469387755102041,0.0387755102040816
"sp|O15078|CE290_HUMAN",0.054457442517144,0.0540540540540541,0.0556676079064139,0.0484066155707947,0.00484066155707947,0.148850342880194,0.0766438079870916,0.0213795885437676,0.0173457039128681,0.0572811617587737,0.130697862041146,0.124243646631706,0.0237999193223074,0.0133118192819685,0.0137152077450585,0.0568777732956837,0.0399354578459056,0.00403388463089956,0.0157321500605083,0.0387252924566357
"sp|O42043|ENK18_HUMAN",0.0446428571428571,0.0535714285714286,0.0535714285714286,0.0410714285714286,0.0321428571428571,0.0517857142857143,0.0464285714285714,0.0446428571428571,0.0303571428571429,0.0785714285714286,0.0875,0.0428571428571429,0.025,0.0285714285714286,0.0642857142857143,0.0785714285714286,0.0642857142857143,0.0321428571428571,0.0214285714285714,0.0785714285714286
"sp|O75398|DEAF1_HUMAN",0.155752212389381,0.0407079646017699,0.0300884955752212,0.0442477876106195,0.0283185840707965,0.0743362831858407,0.0389380530973451,0.063716814159292,0.0230088495575221,0.0283185840707965,0.063716814159292,0.0442477876106195,0.015929203539823,0.0176991150442478,0.0761061946902655,0.0743362831858407,0.0814159292035398,0.00884955752212389,0.0194690265486726,0.0707964601769911
"sp|O76041|NEBL_HUMAN",0.0601577909270217,0.0483234714003945,0.0414201183431953,0.0641025641025641,0.00394477317554241,0.0956607495069034,0.0522682445759369,0.0453648915187377,0.0305719921104536,0.0542406311637081,0.0542406311637081,0.113412228796844,0.0355029585798817,0.0236686390532544,0.0394477317554241,0.0828402366863905,0.0463510848126233,0.0029585798816568,0.0463510848126233,0.0591715976331361
"sp|O94964|MTCL2_HUMAN",0.0860927152317881,0.0788681517158338,0.0240818783865141,0.0511739915713426,0.0186634557495485,0.102347983142685,0.053582179409994,0.0662251655629139,0.0180614087898856,0.0174593618302228,0.113786875376279,0.0650210716435882,0.016255267910897,0.0210716435881999,0.0590006020469597,0.102347983142685,0.0325105358217941,0.0108368452739314,0.0120409391932571,0.0505719446116797
"sp|O95255|MRP6_HUMAN",0.0991350632069195,0.0592149035262808,0.0199600798403194,0.0339321357285429,0.0186294078509647,0.0472388556220892,0.0558882235528942,0.0738522954091816,0.019294743845642,0.0372588157019295,0.139720558882236,0.0332667997338656,0.0159680638722555,0.0459081836327345,0.0518962075848303,0.0771789753825682,0.0452428476380572,0.0232867598137059,0.0179640718562874,0.0851630073186959
"sp|O95998|I18BP_HUMAN",0.077319587628866,0.0463917525773196,0.0257731958762887,0.0154639175257732,0.0360824742268041,0.0463917525773196,0.0618556701030928,0.0463917525773196,0.0309278350515464,0.0103092783505155,0.134020618556701,0.0154639175257732,0.0103092783505155,0.0257731958762887,0.0979381443298969,0.0979381443298969,0.0927835051546392,0.0309278350515464,0.00515463917525773,0.0927835051546392
"sp|P00738|HPT_HUMAN",0.0738916256157636,0.0221674876847291,0.0517241379310345,0.061576354679803,0.0295566502463054,0.061576354679803,0.041871921182266,0.0763546798029557,0.0320197044334975,0.0443349753694581,0.0763546798029557,0.0862068965517241,0.0123152709359606,0.0197044334975369,0.0517241379310345,0.0443349753694581,0.0541871921182266,0.0197044334975369,0.0517241379310345,0.0886699507389163
"sp|P00813|ADA_HUMAN",0.0853994490358127,0.046831955922865,0.0358126721763085,0.0578512396694215,0.0137741046831956,0.0826446280991736,0.0413223140495868,0.0661157024793388,0.0303030303030303,0.046831955922865,0.0991735537190083,0.0661157024793388,0.0247933884297521,0.0275482093663912,0.0578512396694215,0.046831955922865,0.046831955922865,0.0110192837465565,0.0440771349862259,0.068870523415978
"sp|P01130|LDLR_HUMAN",0.05,0.0534883720930233,0.0476744186046512,0.0872093023255814,0.0732558139534884,0.0558139534883721,0.0395348837209302,0.072093023255814,0.022093023255814,0.0418604651162791,0.0767441860465116,0.0418604651162791,0.0127906976744186,0.0302325581395349,0.0453488372093023,0.0813953488372093,0.0581395348837209,0.0232558139534884,0.0197674418604651,0.0674418604651163
"sp|P01275|GLUC_HUMAN",0.0722222222222222,0.0888888888888889,0.0444444444444444,0.0888888888888889,0,0.0722222222222222,0.0555555555555556,0.05,0.0222222222222222,0.0444444444444444,0.0666666666666667,0.0555555555555556,0.0277777777777778,0.0611111111111111,0.0166666666666667,0.0944444444444444,0.05,0.0222222222222222,0.0222222222222222,0.0444444444444444
"sp|P01889|HLAB_HUMAN",0.104972375690608,0.0828729281767956,0.0138121546961326,0.0607734806629834,0.0165745856353591,0.074585635359116,0.0552486187845304,0.074585635359116,0.0248618784530387,0.0276243093922652,0.0773480662983425,0.0276243093922652,0.0138121546961326,0.0165745856353591,0.0497237569060773,0.0718232044198895,0.0662983425414365,0.0276243093922652,0.0441988950276243,0.069060773480663
"sp|P01920|DQB1_HUMAN",0.053639846743295,0.0804597701149425,0.0344827586206897,0.0383141762452107,0.0153256704980843,0.0727969348659004,0.0459770114942529,0.0574712643678161,0.0344827586206897,0.0421455938697318,0.0996168582375479,0.0268199233716475,0.0268199233716475,0.0344827586206897,0.0498084291187739,0.0574712643678161,0.0842911877394636,0.0191570881226054,0.0421455938697318,0.0842911877394636
"sp|P02545|LMNA_HUMAN",0.088855421686747,0.0963855421686747,0.0316265060240964,0.0542168674698795,0.00753012048192771,0.106927710843373,0.0602409638554217,0.0632530120481928,0.019578313253012,0.0240963855421687,0.109939759036145,0.0602409638554217,0.0150602409638554,0.0120481927710843,0.0225903614457831,0.103915662650602,0.0542168674698795,0.00602409638554217,0.016566265060241,0.0466867469879518
"sp|P02649|APOE_HUMAN",0.123028391167192,0.107255520504732,0.00315457413249211,0.0347003154574132,0.00630914826498423,0.126182965299685,0.100946372239748,0.056782334384858,0.00630914826498423,0.00630914826498423,0.129337539432177,0.0410094637223975,0.0252365930599369,0.0126182965299685,0.0252365930599369,0.0441640378548896,0.0378548895899054,0.0252365930599369,0.0126182965299685,0.0757097791798107
"sp|P02671|FIBA_HUMAN",0.0427251732101617,0.0623556581986143,0.0519630484988453,0.0577367205542725,0.0150115473441109,0.0739030023094688,0.0346420323325635,0.112009237875289,0.0219399538106236,0.0300230946882217,0.0565819861431871,0.0496535796766744,0.0173210161662818,0.0334872979214781,0.0473441108545035,0.123556581986143,0.0681293302540416,0.0219399538106236,0.0277136258660508,0.0519630484988453
"sp|P02766|TTHY_HUMAN",0.102040816326531,0.0340136054421769,0.0204081632653061,0.0340136054421769,0.0136054421768707,0.0884353741496599,0,0.0748299319727891,0.0340136054421769,0.0340136054421769,0.0884353741496599,0.054421768707483,0.0136054421768707,0.0408163265306122,0.054421768707483,0.0884353741496599,0.0816326530612245,0.0136054421768707,0.0340136054421769,0.0952380952380952
"sp|P04083|ANXA1_HUMAN",0.0953757225433526,0.0549132947976879,0.0375722543352601,0.0751445086705202,0.0115606936416185,0.0751445086705202,0.0375722543352601,0.0578034682080925,0.0144508670520231,0.0606936416184971,0.0982658959537572,0.092485549132948,0.0260115606936416,0.0317919075144509,0.023121387283237,0.0549132947976879,0.0635838150289017,0.00289017341040462,0.0317919075144509,0.0549132947976879
"sp|P05156|CFAI_HUMAN",0.0497427101200686,0.0463121783876501,0.0411663807890223,0.0617495711835334,0.072041166380789,0.0531732418524871,0.0445969125214408,0.0789022298456261,0.0240137221269297,0.0531732418524871,0.065180102915952,0.0737564322469983,0.0188679245283019,0.0428816466552316,0.032590051457976,0.0600343053173242,0.0566037735849057,0.0205831903945112,0.0377358490566038,0.0668953687821612
"sp|P06733|ENOA_HUMAN",0.0990783410138249,0.0391705069124424,0.0552995391705069,0.0599078341013825,0.0138248847926267,0.0668202764976959,0.0253456221198157,0.0875576036866359,0.0138248847926267,0.0622119815668203,0.0829493087557604,0.0875576036866359,0.0207373271889401,0.0391705069124424,0.0368663594470046,0.0599078341013825,0.0414746543778802,0.00691244239631336,0.0253456221198157,0.076036866359447
"sp|P07099|HYEP_HUMAN",0.0351648351648352,0.0483516483516484,0.0285714285714286,0.043956043956044,0.00879120879120879,0.0725274725274725,0.0285714285714286,0.0703296703296703,0.0351648351648352,0.0527472527472527,0.114285714285714,0.0637362637362637,0.0241758241758242,0.0725274725274725,0.0549450549450549,0.0681318681318681,0.0549450549450549,0.0263736263736264,0.0461538461538462,0.0505494505494506
"sp|P07996|TSP1_HUMAN",0.0444444444444444,0.0512820512820513,0.0692307692307692,0.111965811965812,0.0598290598290598,0.0435897435897436,0.0427350427350427,0.0897435897435897,0.0230769230769231,0.0384615384615385,0.0547008547008547,0.047008547008547,0.011965811965812,0.0299145299145299,0.0598290598290598,0.0632478632478632,0.0521367521367521,0.0188034188034188,0.0264957264957265,0.0615384615384615
"sp|P08183|MDR1_HUMAN",0.09140625,0.04921875,0.04140625,0.04375,0.00546875,0.05859375,0.04140625,0.07734375,0.01484375,0.08125,0.09296875,0.06640625,0.025,0.0546875,0.02265625,0.06875,0.05390625,0.00859375,0.02734375,0.075
"sp|P08686|CP21A_HUMAN",0.0626262626262626,0.0646464646464646,0.0181818181818182,0.0404040404040404,0.0141414141414141,0.0606060606060606,0.0525252525252525,0.0646464646464646,0.0343434343434343,0.0444444444444444,0.16969696969697,0.0383838383838384,0.0262626262626263,0.0323232323232323,0.0787878787878788,0.0545454545454545,0.0404040404040404,0.0222222222222222,0.0222222222222222,0.0585858585858586
"sp|P0CG47|UBB_HUMAN",0.0262008733624454,0.0524017467248908,0.0262008733624454,0.0655021834061135,0.00436681222707424,0.0786026200873362,0.0786026200873362,0.0786026200873362,0.0131004366812227,0.091703056768559,0.117903930131004,0.091703056768559,0.0131004366812227,0.0262008733624454,0.0393013100436681,0.0393013100436681,0.091703056768559,0,0.0131004366812227,0.0524017467248908
"sp|P0DPK4|NT2NC_HUMAN",0.0409556313993174,0.0580204778156997,0.0443686006825939,0.0443686006825939,0.136518771331058,0.0614334470989761,0.0477815699658703,0.150170648464164,0.0273037542662116,0.0068259385665529,0.0443686006825939,0.0238907849829352,0.0170648464163823,0.0307167235494881,0.0580204778156997,0.0409556313993174,0.0819112627986348,0.0170648464163823,0.0307167235494881,0.037542662116041
"sp|P0DTU3|TRAR2_HUMAN",0.0727272727272727,0.0327272727272727,0.0581818181818182,0.0690909090909091,0.0254545454545455,0.04,0.0618181818181818,0.0218181818181818,0,0.0363636363636364,0.0836363636363636,0.0545454545454545,0.0327272727272727,0.0690909090909091,0.0363636363636364,0.127272727272727,0.0618181818181818,0.0145454545454545,0.0327272727272727,0.0690909090909091
"sp|P0DTU4|TRBR2_HUMAN",0.0666666666666667,0.0507936507936508,0.0222222222222222,0.0412698412698413,0.0222222222222222,0.0698412698412698,0.0507936507936508,0.0666666666666667,0.0285714285714286,0.0317460317460317,0.101587301587302,0.0380952380952381,0.0253968253968254,0.0380952380952381,0.0444444444444444,0.0888888888888889,0.0761904761904762,0.019047619047619,0.0507936507936508,0.0666666666666667
"sp|P10912|GHR_HUMAN",0.0517241379310345,0.0235109717868339,0.0454545454545455,0.0626959247648903,0.0250783699059561,0.0783699059561129,0.0517241379310345,0.04858934169279,0.0266457680250784,0.0595611285266458,0.0877742946708464,0.0564263322884013,0.0203761755485893,0.0360501567398119,0.0705329153605016,0.0909090909090909,0.061128526645768,0.0188087774294671,0.0282131661442006,0.0564263322884013
"sp|P11226|MBL2_HUMAN",0.0725806451612903,0.0241935483870968,0.0564516129032258,0.0443548387096774,0.0282258064516129,0.0685483870967742,0.0403225806451613,0.125,0.00403225806451613,0.032258064516129,0.092741935483871,0.0766129032258065,0.0161290322580645,0.0403225806451613,0.0806451612903226,0.0725806451612903,0.0604838709677419,0.0120967741935484,0.00806451612903226,0.0443548387096774
"sp|P12259|FA5_HUMAN",0.0436151079136691,0.0413669064748201,0.049910071942446,0.0598021582733813,0.00899280575539568,0.0642985611510791,0.0463129496402878,0.052158273381295,0.0310251798561151,0.0553057553956835,0.0908273381294964,0.0571043165467626,0.0242805755395683,0.0350719424460432,0.0678956834532374,0.111061151079137,0.0638489208633094,0.0197841726618705,0.0368705035971223,0.0404676258992806
"sp|P13693|TCTP_HUMAN",0.0465116279069767,0.0348837209302326,0.0406976744186047,0.0697674418604651,0.0116279069767442,0.11046511627907,0.0232558139534884,0.0872093023255814,0.0232558139534884,0.0930232558139535,0.0581395348837209,0.0813953488372093,0.0581395348837209,0.0465116279069767,0.0290697674418605,0.0465116279069767,0.0465116279069767,0,0.0465116279069767,0.0465116279069767
"sp|P13716|HEM2_HUMAN",0.121212121212121,0.0696969696969697,0.0151515151515152,0.0545454545454545,0.0242424242424242,0.0606060606060606,0.0303030303030303,0.0696969696969697,0.0272727272727273,0.0363636363636364,0.106060606060606,0.0363636363636364,0.0333333333333333,0.0363636363636364,0.0666666666666667,0.0575757575757576,0.0333333333333333,0.00909090909090909,0.0363636363636364,0.0757575757575758
"sp|P13747|HLAE_HUMAN",0.0810055865921788,0.058659217877095,0.0139664804469274,0.053072625698324,0.0111731843575419,0.0810055865921788,0.0502793296089385,0.0837988826815642,0.0418994413407821,0.0279329608938547,0.0893854748603352,0.0363128491620112,0.0111731843575419,0.0251396648044693,0.0474860335195531,0.0810055865921788,0.0726256983240224,0.0335195530726257,0.0363128491620112,0.0642458100558659
"sp|P15289|ARSA_HUMAN",0.108481262327416,0.0453648915187377,0.0157790927021696,0.0512820512820513,0.029585798816568,0.0374753451676529,0.0355029585798817,0.112426035502959,0.0355029585798817,0.0157790927021696,0.134122287968442,0.0157790927021696,0.019723865877712,0.0433925049309665,0.0986193293885602,0.0571992110453649,0.0571992110453649,0.00591715976331361,0.0315581854043393,0.0493096646942801
"sp|P16473|TSHR_HUMAN",0.0523560209424084,0.0353403141361257,0.0510471204188482,0.0471204188481675,0.031413612565445,0.0484293193717278,0.0392670157068063,0.0431937172774869,0.024869109947644,0.0680628272251309,0.129581151832461,0.0549738219895288,0.024869109947644,0.0549738219895288,0.0471204188481675,0.0680628272251309,0.0641361256544503,0.00654450261780105,0.0471204188481675,0.0615183246073298
"sp|P17181|INAR1_HUMAN",0.0484739676840215,0.0233393177737881,0.0628366247755835,0.0448833034111311,0.0197486535008977,0.0754039497307002,0.0412926391382406,0.0341113105924596,0.0161579892280072,0.0771992818671454,0.0771992818671454,0.0789946140035907,0.0107719928186715,0.0466786355475763,0.0466786355475763,0.0915619389587074,0.0646319569120287,0.0233393177737881,0.0394973070017953,0.0771992818671454
"sp|P17927|CR1_HUMAN",0.0372731731240804,0.0500245218244237,0.051495831289848,0.0456105934281511,0.0598332515939186,0.0480627758705248,0.034330554193232,0.0872976949485042,0.0279548798430603,0.0510053948013732,0.0652280529671408,0.0377636096125552,0.0112800392349191,0.0446297204512016,0.0980872976949485,0.0892594409024031,0.0519862677783227,0.0166748406081412,0.0259931338891614,0.0662089259440902
"sp|P18887|XRCC1_HUMAN",0.0821484992101106,0.0679304897314376,0.023696682464455,0.0552922590837283,0.00947867298578199,0.0884676145339652,0.0521327014218009,0.0710900473933649,0.0173775671406003,0.023696682464455,0.0695102685624013,0.0631911532385466,0.0110584518167457,0.033175355450237,0.0947867298578199,0.0979462875197472,0.0458135860979463,0.00947867298578199,0.0205371248025276,0.0631911532385466
"sp|P19634|SL9A1_HUMAN",0.0539877300613497,0.0441717791411043,0.0282208588957055,0.0392638036809816,0.0110429447852761,0.0588957055214724,0.0257668711656442,0.0699386503067485,0.0343558282208589,0.0785276073619632,0.122699386503067,0.049079754601227,0.0220858895705521,0.0576687116564417,0.0625766871165644,0.0736196319018405,0.049079754601227,0.0098159509202454,0.0245398773006135,0.0846625766871166
"sp|P23786|CPT2_HUMAN",0.0790273556231003,0.0547112462006079,0.0395136778115502,0.0577507598784195,0.013677811550152,0.0486322188449848,0.0455927051671733,0.0592705167173252,0.027355623100304,0.0364741641337386,0.104863221884498,0.0577507598784195,0.0212765957446809,0.0592705167173252,0.0577507598784195,0.0820668693009119,0.0562310030395137,0.0106382978723404,0.0319148936170213,0.0562310030395137
"sp|P26715|NKG2A_HUMAN",0.0472103004291846,0.0386266094420601,0.0772532188841202,0.0343347639484979,0.0386266094420601,0.0600858369098712,0.0472103004291846,0.0429184549356223,0.0386266094420601,0.0858369098712446,0.0944206008583691,0.0729613733905579,0.0171673819742489,0.0171673819742489,0.0429184549356223,0.107296137339056,0.0472103004291846,0.0171673819742489,0.0300429184549356,0.0429184549356223
"sp|P30536|TSPO_HUMAN",0.112426035502959,0.0473372781065089,0.0177514792899408,0.0118343195266272,0.0118343195266272,0.0236686390532544,0.0236686390532544,0.118343195266272,0.0236686390532544,0.00591715976331361,0.136094674556213,0.0177514792899408,0.0236686390532544,0.0414201183431953,0.0828402366863905,0.0414201183431953,0.0532544378698225,0.0769230769230769,0.0532544378698225,0.0769230769230769
"sp|P33527|MRP1_HUMAN",0.0718484650555193,0.0450685826257348,0.0359242325277596,0.0444154147615937,0.0163291966035271,0.0548661005878511,0.0391900718484651,0.0568256041802743,0.0163291966035271,0.0659699542782495,0.118223383409536,0.0516002612671457,0.0254735467015023,0.0496407576747224,0.0378837361201829,0.0836054866100588,0.0502939255388635,0.0195950359242325,0.0320052253429131,0.084911822338341
"sp|P38919|IF4A3_HUMAN",0.0632603406326034,0.0778588807785888,0.0291970802919708,0.0681265206812652,0.0121654501216545,0.0705596107055961,0.048661800486618,0.0583941605839416,0.0121654501216545,0.0827250608272506,0.0875912408759124,0.0559610705596107,0.0389294403892944,0.0340632603406326,0.0291970802919708,0.0462287104622871,0.0754257907542579,0.0072992700729927,0.0316301703163017,0.0705596107055961
"sp|P42224|STAT1_HUMAN",0.036,0.0453333333333333,0.06,0.0506666666666667,0.0133333333333333,0.0866666666666667,0.072,0.036,0.0213333333333333,0.0493333333333333,0.12,0.0733333333333333,0.0253333333333333,0.0453333333333333,0.0466666666666667,0.0666666666666667,0.048,0.02,0.024,0.06
"sp|P49792|RBP2_HUMAN",0.0642059553349876,0.0362903225806452,0.0459057071960298,0.0564516129032258,0.0238833746898263,0.0800248138957816,0.0452853598014888,0.0617245657568238,0.0198511166253102,0.0356699751861042,0.0747518610421836,0.0849875930521092,0.0151985111662531,0.0496277915632754,0.0536600496277916,0.100186104218362,0.0604838709677419,0.0124069478908189,0.0214019851116625,0.0580024813895782
"sp|P53985|MOT1_HUMAN",0.076,0.028,0.032,0.028,0.024,0.038,0.024,0.114,0.012,0.064,0.104,0.058,0.028,0.068,0.056,0.076,0.042,0.012,0.038,0.078
"sp|P54317|LIPR2_HUMAN",0.0490405117270789,0.0362473347547974,0.0447761194029851,0.0575692963752665,0.0319829424307036,0.0660980810234542,0.0383795309168444,0.093816631130064,0.0213219616204691,0.0511727078891258,0.0810234541577825,0.0575692963752665,0.0149253731343284,0.0554371002132196,0.0533049040511727,0.0788912579957356,0.0554371002132196,0.0170575692963753,0.0319829424307036,0.0639658848614073
"sp|P59047|NALP5_HUMAN",0.0666666666666667,0.0533333333333333,0.0341666666666667,0.0441666666666667,0.04,0.0741666666666667,0.05,0.0591666666666667,0.0275,0.0358333333333333,0.1425,0.0508333333333333,0.0266666666666667,0.035,0.0416666666666667,0.0775,0.05,0.0175,0.0141666666666667,0.0591666666666667
"sp|P68871|HBB_HUMAN",0.102040816326531,0.0204081632653061,0.0408163265306122,0.0476190476190476,0.0136054421768707,0.054421768707483,0.0204081632653061,0.0884353741496599,0.0612244897959184,0,0.122448979591837,0.0748299319727891,0.0136054421768707,0.054421768707483,0.0476190476190476,0.0340136054421769,0.0476190476190476,0.0136054421768707,0.0204081632653061,0.122448979591837
"sp|Q01432|AMPD3_HUMAN",0.0625814863102999,0.0534550195567145,0.0404172099087353,0.0534550195567145,0.0117340286831812,0.075619295958279,0.0430247718383312,0.0365058670143416,0.0378096479791395,0.0404172099087353,0.108213820078227,0.0664928292046936,0.0312907431551499,0.045632333767927,0.0704041720990874,0.0704041720990874,0.0482398956975228,0.00782268578878748,0.0534550195567145,0.0430247718383312
"sp|Q01650|LAT1_HUMAN",0.0946745562130177,0.0236686390532544,0.0335305719921105,0.0157790927021696,0.0236686390532544,0.0453648915187377,0.019723865877712,0.0788954635108481,0.00788954635108481,0.0729783037475345,0.140039447731755,0.0414201183431953,0.019723865877712,0.0650887573964497,0.0532544378698225,0.0670611439842209,0.0532544378698225,0.019723865877712,0.0315581854043393,0.0927021696252465
"sp|Q06141|REG3A_HUMAN",0.0571428571428571,0.0457142857142857,0.04,0.0342857142857143,0.04,0.0457142857142857,0.0285714285714286,0.0685714285714286,0.0171428571428571,0.0228571428571429,0.102857142857143,0.04,0.0285714285714286,0.0285714285714286,0.0742857142857143,0.154285714285714,0.0342857142857143,0.04,0.04,0.0571428571428571
"sp|Q09428|ABCC8_HUMAN",0.0815939278937381,0.0537634408602151,0.0316255534471853,0.0417457305502846,0.0177103099304238,0.0512333965844402,0.0449082858950032,0.0531309297912713,0.0240354206198608,0.0708412397216951,0.134092346616066,0.0417457305502846,0.0227703984819734,0.0512333965844402,0.0385831752055661,0.0714737507906388,0.058191018342821,0.0145477545857052,0.0246679316888046,0.0721062618595825
"sp|Q12931|TRAP1_HUMAN",0.0866477272727273,0.0752840909090909,0.0255681818181818,0.0482954545454545,0.00710227272727273,0.0852272727272727,0.0454545454545455,0.046875,0.0227272727272727,0.0511363636363636,0.117897727272727,0.0625,0.0269886363636364,0.0369318181818182,0.0383522727272727,0.0738636363636364,0.0497159090909091,0.00994318181818182,0.03125,0.0582386363636364
"sp|Q13201|MMRN1_HUMAN",0.0464169381107492,0.0431596091205212,0.0659609120521173,0.0374592833876222,0.0171009771986971,0.0708469055374593,0.0643322475570033,0.0496742671009772,0.0211726384364821,0.0586319218241042,0.102605863192182,0.0692182410423453,0.0236156351791531,0.0317589576547231,0.0382736156351792,0.0871335504885993,0.0798045602605863,0.00570032573289902,0.0268729641693811,0.0602605863192182
"sp|Q13231|CHIT1_HUMAN",0.0836909871244635,0.0386266094420601,0.0407725321888412,0.0515021459227468,0.0214592274678112,0.0450643776824034,0.0643776824034335,0.0879828326180258,0.0107296137339056,0.01931330472103,0.092274678111588,0.055793991416309,0.0214592274678112,0.0536480686695279,0.0579399141630901,0.0729613733905579,0.0643776824034335,0.0257510729613734,0.0407725321888412,0.0515021459227468
"sp|Q13241|KLRD1_HUMAN",0.0391061452513966,0.0223463687150838,0.0670391061452514,0.0335195530726257,0.0558659217877095,0.0670391061452514,0.0614525139664804,0.0446927374301676,0.0111731843575419,0.0614525139664804,0.11731843575419,0.0558659217877095,0.0167597765363128,0.0502793296089385,0.0279329608938547,0.122905027932961,0.0614525139664804,0.0335195530726257,0.0391061452513966,0.0111731843575419
"sp|Q13351|KLF1_HUMAN",0.124309392265193,0.0607734806629834,0.00276243093922652,0.0441988950276243,0.0220994475138122,0.0524861878453039,0.0359116022099447,0.121546961325967,0.0359116022099447,0.00552486187845304,0.0911602209944751,0.0303867403314917,0.0110497237569061,0.0303867403314917,0.12707182320442,0.069060773480663,0.0635359116022099,0.0193370165745856,0.0303867403314917,0.0220994475138122
"sp|Q14344|GNA13_HUMAN",0.0371352785145889,0.0795755968169761,0.0424403183023873,0.0716180371352785,0.0159151193633952,0.0689655172413793,0.0583554376657825,0.0450928381962865,0.0212201591511936,0.0610079575596817,0.106100795755968,0.0663129973474801,0.026525198938992,0.0636604774535809,0.0318302387267905,0.0636604774535809,0.0424403183023873,0.00795755968169761,0.0238726790450928,0.0663129973474801
"sp|Q14722|KCAB1_HUMAN",0.0715990453460621,0.0620525059665871,0.0381861575178998,0.0238663484486874,0.0190930787589499,0.081145584725537,0.0429594272076372,0.081145584725537,0.0167064439140811,0.0525059665871122,0.100238663484487,0.0668257756563246,0.0310262529832936,0.0143198090692124,0.035799522673031,0.0954653937947494,0.0477326968973747,0.0214797136038186,0.0310262529832936,0.0668257756563246
"sp|Q14766|LTBP1_HUMAN",0.052295177222545,0.0389308541545613,0.041836141778036,0.0476467170249855,0.0859965136548518,0.0639163277164439,0.0668216153399186,0.0912260313771063,0.0302149912841371,0.0302149912841371,0.0592678675188844,0.0464846019755956,0.011040092969204,0.0267286461359675,0.0796048808832074,0.0691458454386984,0.0598489250435793,0.00639163277164439,0.0284718187100523,0.0639163277164439
"sp|Q15468|STIL_HUMAN",0.0466200466200466,0.0365190365190365,0.0629370629370629,0.0450660450660451,0.0271950271950272,0.0668220668220668,0.0536130536130536,0.0404040404040404,0.0341880341880342,0.0450660450660451,0.0971250971250971,0.0567210567210567,0.0217560217560218,0.0341880341880342,0.0839160839160839,0.114996114996115,0.0505050505050505,0.00466200466200466,0.0202020202020202,0.0574980574980575
"sp|Q15848|ADIPO_HUMAN",0.0491803278688525,0.0286885245901639,0.0450819672131148,0.0614754098360656,0.00819672131147541,0.0491803278688525,0.040983606557377,0.159836065573771,0.0327868852459016,0.0368852459016393,0.0942622950819672,0.0491803278688525,0.0204918032786885,0.040983606557377,0.069672131147541,0.0286885245901639,0.0614754098360656,0.00819672131147541,0.0573770491803279,0.0573770491803279
"sp|Q16206|ENOX2_HUMAN",0.0655737704918033,0.059016393442623,0.0377049180327869,0.0491803278688525,0.0229508196721311,0.111475409836066,0.0491803278688525,0.0459016393442623,0.0278688524590164,0.0540983606557377,0.0885245901639344,0.0754098360655738,0.039344262295082,0.0295081967213115,0.0557377049180328,0.060655737704918,0.040983606557377,0.0147540983606557,0.0229508196721311,0.0491803278688525
"sp|Q4ZHG4|FNDC1_HUMAN",0.0813093980992608,0.0791974656810982,0.0253431890179514,0.0533262935586061,0.00422386483632524,0.0554382259767687,0.0395987328405491,0.0744456177402323,0.0295670538542767,0.0258711721224921,0.0670538542766631,0.0464625131995776,0.00844772967265047,0.0195353748680042,0.112460401267159,0.109292502639916,0.0712777191129884,0.0105596620908131,0.0269271383315734,0.059662090813094
"sp|Q5S007|LRRK2_HUMAN",0.0502572220023744,0.0415512465373961,0.0506529481598734,0.0486743173723783,0.0253264740799367,0.072813612979818,0.0415512465373961,0.0470914127423823,0.0312623664424218,0.0633161851998417,0.140878512069648,0.0696478037198259,0.0277008310249307,0.037989711119905,0.037198258804907,0.0811238622872972,0.037989711119905,0.0102888800949743,0.0213692125049466,0.0633161851998417
"sp|Q5VT66|MARC1_HUMAN",0.0830860534124629,0.0801186943620178,0.0237388724035608,0.0504451038575668,0.0267062314540059,0.0504451038575668,0.0385756676557863,0.0682492581602374,0.0148367952522255,0.0415430267062315,0.121661721068249,0.0474777448071217,0.0178041543026706,0.0267062314540059,0.0593471810089021,0.0652818991097923,0.0623145400593472,0.0207715133531157,0.0267062314540059,0.0741839762611276
"sp|Q5VYX0|RNLS_HUMAN",0.0701754385964912,0.0380116959064327,0.0321637426900585,0.0409356725146199,0.0350877192982456,0.0555555555555556,0.0672514619883041,0.0730994152046784,0.0292397660818713,0.0672514619883041,0.0935672514619883,0.043859649122807,0.0204678362573099,0.0321637426900585,0.0555555555555556,0.0701754385964912,0.064327485380117,0.0116959064327485,0.0380116959064327,0.0614035087719298
"sp|Q6N021|TET2_HUMAN",0.0559440559440559,0.038961038961039,0.0614385614385614,0.0304695304695305,0.0224775224775225,0.0714285714285714,0.0884115884115884,0.0514485514485514,0.041958041958042,0.0284715284715285,0.0799200799200799,0.0679320679320679,0.020979020979021,0.0264735264735265,0.0774225774225774,0.100899100899101,0.0604395604395604,0.0044955044955045,0.027972027972028,0.0424575424575425
"sp|Q6P179|ERAP2_HUMAN",0.05625,0.0364583333333333,0.0395833333333333,0.0520833333333333,0.0125,0.0645833333333333,0.04375,0.0447916666666667,0.0322916666666667,0.0552083333333333,0.121875,0.0677083333333333,0.0270833333333333,0.0510416666666667,0.0395833333333333,0.0822916666666667,0.059375,0.021875,0.0416666666666667,0.05
"sp|Q7Z7L1|SLN11_HUMAN",0.0532741398446171,0.0654827968923418,0.0299667036625971,0.0477247502774695,0.0299667036625971,0.0754716981132075,0.0499445061043285,0.0554938956714761,0.0210876803551609,0.0566037735849057,0.105438401775805,0.0621531631520533,0.0210876803551609,0.04661487236404,0.0566037735849057,0.072142064372919,0.0399556048834628,0.00998890122086571,0.0355160932297447,0.0654827968923418
"sp|Q8IZD2|KMT2E_HUMAN",0.0495156081808396,0.0484391819160387,0.0511302475780409,0.0392895586652314,0.0193756727664155,0.0678148546824543,0.0586652314316469,0.0538213132400431,0.042518837459634,0.0365984930032293,0.0597416576964478,0.0581270182992465,0.0129171151776103,0.0242195909580194,0.11302475780409,0.108719052744887,0.0791173304628633,0.00484391819160388,0.0247578040904198,0.0473627556512379
"sp|Q8N884|CGAS_HUMAN",0.0881226053639847,0.0708812260536398,0.0363984674329502,0.0459770114942529,0.0229885057471264,0.0747126436781609,0.0383141762452107,0.0517241379310345,0.0172413793103448,0.0363984674329502,0.0881226053639847,0.101532567049808,0.0153256704980843,0.0459770114942529,0.0727969348659004,0.078544061302682,0.0402298850574713,0.0114942528735632,0.0210727969348659,0.0421455938697318
"sp|Q8NCW5|NNRE_HUMAN",0.0694444444444444,0.0486111111111111,0.0243055555555556,0.0416666666666667,0.0208333333333333,0.0520833333333333,0.0451388888888889,0.0868055555555556,0.0104166666666667,0.0486111111111111,0.111111111111111,0.0486111111111111,0.0243055555555556,0.0381944444444444,0.0868055555555556,0.0694444444444444,0.0520833333333333,0.0138888888888889,0.0416666666666667,0.0659722222222222
"sp|Q8NI17|IL31R_HUMAN",0.0478142076502732,0.0368852459016393,0.0519125683060109,0.0327868852459016,0.0218579234972678,0.0819672131147541,0.0327868852459016,0.0560109289617486,0.0109289617486339,0.0573770491803279,0.0860655737704918,0.0765027322404372,0.0204918032786885,0.0341530054644809,0.0628415300546448,0.0819672131147541,0.0778688524590164,0.0300546448087432,0.0368852459016393,0.0628415300546448
"sp|Q8TC92|ENOX1_HUMAN",0.0715396578538103,0.0559875583203732,0.0513219284603421,0.0435458786936236,0.0139968895800933,0.107309486780715,0.0684292379471229,0.046656298600311,0.0233281493001555,0.0513219284603421,0.0933125972006221,0.0637636080870918,0.0404354587869362,0.0342146189735614,0.046656298600311,0.0606531881804044,0.0528771384136858,0.0124416796267496,0.0139968895800933,0.0482115085536547
"sp|Q92508|PIEZ1_HUMAN",0.0805236017453392,0.0698135660452202,0.0194367314557715,0.0357001190003967,0.0226100753669179,0.0630702102340341,0.0503768345894486,0.0579135263784213,0.0222134073780246,0.0416501388337961,0.14557715192384,0.0289567631892106,0.021420071400238,0.0503768345894486,0.0555335184450615,0.0563268544228481,0.0479968266560889,0.0238000793335978,0.0349067830226101,0.0717969059896866
"sp|Q92536|YLAT2_HUMAN",0.0737864077669903,0.0349514563106796,0.0310679611650485,0.029126213592233,0.0252427184466019,0.0446601941747573,0.0271844660194175,0.0660194174757282,0.0116504854368932,0.083495145631068,0.114563106796117,0.0271844660194175,0.0213592233009709,0.0699029126213592,0.0524271844660194,0.0854368932038835,0.058252427184466,0.0155339805825243,0.0388349514563107,0.0893203883495146
"sp|Q92544|TM9S4_HUMAN",0.0482866043613707,0.043613707165109,0.0342679127725857,0.0420560747663551,0.0202492211838006,0.0529595015576324,0.0327102803738318,0.0545171339563863,0.0186915887850467,0.0716510903426791,0.102803738317757,0.0420560747663551,0.0358255451713396,0.0778816199376947,0.043613707165109,0.0716510903426791,0.0467289719626168,0.0249221183800623,0.0576323987538941,0.0778816199376947
"sp|Q92843|B2CL2_HUMAN",0.155440414507772,0.0621761658031088,0.0155440414507772,0.0414507772020725,0.0103626943005181,0.0673575129533679,0.0518134715025907,0.10880829015544,0.0155440414507772,0.00518134715025907,0.0880829015544041,0.0207253886010363,0.0207253886010363,0.0621761658031088,0.0414507772020725,0.0466321243523316,0.0569948186528497,0.0259067357512953,0.0207253886010363,0.0829015544041451
"sp|Q92887|MRP2_HUMAN",0.056957928802589,0.0440129449838188,0.0459546925566343,0.0440129449838188,0.0129449838187702,0.0524271844660194,0.0427184466019417,0.0550161812297735,0.0168284789644013,0.0737864077669903,0.128155339805825,0.059546925566343,0.0245954692556634,0.054368932038835,0.0297734627831715,0.086084142394822,0.059546925566343,0.0174757281553398,0.0252427184466019,0.0705501618122977
"sp|Q92889|XPF_HUMAN",0.064410480349345,0.0676855895196507,0.0316593886462882,0.0458515283842795,0.0174672489082969,0.0993449781659389,0.0349344978165939,0.0458515283842795,0.0251091703056769,0.0556768558951965,0.122270742358079,0.0709606986899563,0.0174672489082969,0.0382096069868996,0.0458515283842795,0.0709606986899563,0.0534934497816594,0.00655021834061135,0.0294759825327511,0.0567685589519651
"sp|Q93091|RNAS6_HUMAN",0.06,0.04,0.0533333333333333,0.04,0.0666666666666667,0.00666666666666667,0.0666666666666667,0.02,0.06,0.04,0.12,0.06,0.02,0.04,0.0866666666666667,0.0666666666666667,0.0333333333333333,0.02,0.0333333333333333,0.0666666666666667
"sp|Q969Z3|MARC2_HUMAN",0.0686567164179104,0.0865671641791045,0.0358208955223881,0.0567164179104478,0.0298507462686567,0.0507462686567164,0.026865671641791,0.0597014925373134,0.00597014925373134,0.0447761194029851,0.113432835820896,0.0597014925373134,0.0328358208955224,0.0298507462686567,0.0597014925373134,0.0567164179104478,0.0507462686567164,0.0238805970149254,0.0298507462686567,0.0776119402985075
"sp|Q96D03|DDT4L_HUMAN",0.0155440414507772,0.0518134715025907,0.0414507772020725,0.0414507772020725,0.0466321243523316,0.0725388601036269,0.0259067357512953,0.0518134715025907,0.0103626943005181,0.0414507772020725,0.124352331606218,0.0673575129533679,0.0155440414507772,0.0569948186528497,0.0362694300518135,0.124352331606218,0.0569948186528497,0.0103626943005181,0.0207253886010363,0.0880829015544041
"sp|Q96EU7|C1GLC_HUMAN",0.0566037735849057,0.0314465408805031,0.0534591194968553,0.0566037735849057,0.0220125786163522,0.0660377358490566,0.0220125786163522,0.0628930817610063,0.0408805031446541,0.0566037735849057,0.0880503144654088,0.0786163522012579,0.0534591194968553,0.0566037735849057,0.0345911949685535,0.0691823899371069,0.0345911949685535,0.0157232704402516,0.0377358490566038,0.0628930817610063
"sp|Q96MP8|KCTD7_HUMAN",0.069204152249135,0.0726643598615917,0.0173010380622837,0.0657439446366782,0.027681660899654,0.0795847750865052,0.0380622837370242,0.0588235294117647,0.0380622837370242,0.0346020761245675,0.103806228373702,0.0380622837370242,0.0242214532871972,0.0484429065743945,0.0622837370242214,0.0449826989619377,0.0484429065743945,0.0103806228373702,0.0449826989619377,0.0726643598615917
"sp|Q99607|ELF4_HUMAN",0.0799396681749623,0.0377073906485671,0.0271493212669683,0.0482654600301659,0.00301659125188537,0.0588235294117647,0.0467571644042232,0.0648567119155355,0.0150829562594268,0.0392156862745098,0.105580693815988,0.0497737556561086,0.0211161387631976,0.024132730015083,0.0950226244343891,0.117647058823529,0.085972850678733,0.00603318250377074,0.0165912518853695,0.057315233785822
"sp|Q9BXM7|PINK1_HUMAN",0.115318416523236,0.0774526678141136,0.0240963855421687,0.0275387263339071,0.0275387263339071,0.0516351118760757,0.0481927710843374,0.0981067125645439,0.0137693631669535,0.0309810671256454,0.139414802065404,0.036144578313253,0.0206540447504303,0.0275387263339071,0.0740103270223752,0.0567986230636833,0.0327022375215146,0.0154905335628227,0.0223752151462995,0.0602409638554217
"sp|Q9BYV1|AGT2_HUMAN",0.066147859922179,0.0505836575875486,0.0272373540856031,0.0330739299610895,0.0330739299610895,0.0622568093385214,0.0408560311284047,0.0817120622568093,0.0408560311284047,0.0525291828793774,0.0914396887159533,0.0505836575875486,0.0369649805447471,0.0544747081712062,0.0603112840466926,0.0603112840466926,0.0544747081712062,0.00972762645914397,0.0214007782101167,0.0719844357976654
"sp|Q9BZQ4|NMNA2_HUMAN",0.0390879478827362,0.0553745928338762,0.0488599348534202,0.0586319218241042,0.0293159609120521,0.0456026058631922,0.0423452768729642,0.0618892508143322,0.0358306188925081,0.0814332247557003,0.0814332247557003,0.0423452768729642,0.0325732899022801,0.0228013029315961,0.0488599348534202,0.0749185667752443,0.0618892508143322,0.0130293159609121,0.0293159609120521,0.0944625407166124
"sp|Q9C000|NLRP1_HUMAN",0.0624575695858792,0.0583842498302783,0.0169721656483367,0.0393754243041412,0.0244399185336049,0.076714188730482,0.0556687033265445,0.0597420230821453,0.03326544467074,0.0346232179226069,0.139171758316361,0.0475220638153428,0.0196877121520706,0.0346232179226069,0.06653088934148,0.0814663951120163,0.0515953835709437,0.0210454854039375,0.0203665987780041,0.0563475899524779
"sp|Q9H165|BC11A_HUMAN",0.0562874251497006,0.0550898203592814,0.0287425149700599,0.0491017964071856,0.029940119760479,0.0850299401197605,0.0323353293413174,0.081437125748503,0.0455089820359281,0.0275449101796407,0.0838323353293413,0.0586826347305389,0.0227544910179641,0.0323353293413174,0.0970059880239521,0.116167664670659,0.0431137724550898,0.00479041916167665,0.0143712574850299,0.0359281437125748
"sp|Q9H190|SDCB2_HUMAN",0.0684931506849315,0.0445205479452055,0.023972602739726,0.0513698630136986,0.0102739726027397,0.0410958904109589,0.0547945205479452,0.0821917808219178,0.0342465753424658,0.0547945205479452,0.102739726027397,0.0684931506849315,0.0308219178082192,0.0136986301369863,0.0650684931506849,0.0753424657534247,0.0410958904109589,0.00342465753424658,0.0205479452054795,0.113013698630137
