"","A","R","N","D","C","E","Q","G","H","I","L","K","M","F","P","S","T","W","Y","V"
"sp|A7MD48|SRRM4_HUMAN",0.0409165302782324,0.168576104746318,0.016366612111293,0.0229132569558101,0.0130932896890344,0.044189852700491,0.0343698854337152,0.0474631751227496,0.0229132569558101,0.00981996726677578,0.0343698854337152,0.0801963993453355,0.00818330605564648,0.0114566284779051,0.0801963993453355,0.265139116202946,0.0523731587561375,0.00490998363338789,0.027823240589198,0.0147299509001637
"sp|O00217|NDUS8_HUMAN",0.114285714285714,0.0857142857142857,0.0333333333333333,0.0428571428571429,0.0428571428571429,0.0904761904761905,0.0238095238095238,0.0571428571428571,0.0142857142857143,0.0476190476190476,0.0904761904761905,0.0380952380952381,0.0333333333333333,0.0333333333333333,0.0619047619047619,0.0428571428571429,0.0666666666666667,0.00952380952380952,0.0476190476190476,0.0238095238095238
"sp|O00443|P3C2A_HUMAN",0.0569395017793594,0.0450771055753262,0.0438908659549229,0.0527876631079478,0.0166073546856465,0.0599051008303677,0.0498220640569395,0.0444839857651246,0.0225385527876631,0.0516014234875445,0.116844602609727,0.0723606168446026,0.0172004744958482,0.0462633451957295,0.0521945432977461,0.0877817319098458,0.0593119810201661,0.0112692763938316,0.031435349940688,0.0616844602609727
"sp|O00592|PODXL_HUMAN",0.0806451612903226,0.0232974910394265,0.028673835125448,0.0448028673835125,0.014336917562724,0.0555555555555556,0.0501792114695341,0.0501792114695341,0.025089605734767,0.028673835125448,0.0931899641577061,0.046594982078853,0.0197132616487455,0.00896057347670251,0.0770609318996416,0.134408602150538,0.148745519713262,0.00537634408602151,0.00896057347670251,0.0555555555555556
"sp|O14810|CPLX1_HUMAN",0.119402985074627,0.0597014925373134,0.00746268656716418,0.0671641791044776,0.00746268656716418,0.17910447761194,0.0447761194029851,0.082089552238806,0,0.0373134328358209,0.0597014925373134,0.134328358208955,0.0522388059701493,0.00746268656716418,0.0447761194029851,0.0223880597014925,0.0223880597014925,0,0.0223880597014925,0.0298507462686567
"sp|O14966|RAB7L_HUMAN",0.0492610837438424,0.0541871921182266,0.0492610837438424,0.0738916256157636,0.0246305418719212,0.0443349753694581,0.0492610837438424,0.0443349753694581,0.00985221674876847,0.0394088669950739,0.0886699507389163,0.0640394088669951,0.0344827586206897,0.0394088669950739,0.0197044334975369,0.113300492610837,0.0689655172413793,0.0295566502463054,0.0295566502463054,0.0738916256157636
"sp|O15239|NDUA1_HUMAN",0.0428571428571429,0.0857142857142857,0.0285714285714286,0.0428571428571429,0.0142857142857143,0.0571428571428571,0,0.114285714285714,0.0428571428571429,0.0714285714285714,0.1,0.0428571428571429,0.0428571428571429,0.0428571428571429,0.0285714285714286,0.0571428571428571,0.0285714285714286,0.0285714285714286,0.0571428571428571,0.0714285714285714
"sp|O15354|GPR37_HUMAN",0.0946166394779772,0.066884176182708,0.034257748776509,0.0261011419249592,0.0473083197389886,0.0554649265905383,0.0309951060358891,0.0783034257748776,0.0114192495921697,0.0554649265905383,0.110929853181077,0.034257748776509,0.0195758564437194,0.0424143556280587,0.0619902120717781,0.0734094616639478,0.0619902120717781,0.0179445350734095,0.0261011419249592,0.0505709624796085
"sp|O43181|NDUS4_HUMAN",0.0742857142857143,0.0914285714285714,0.0514285714285714,0.0457142857142857,0,0.0571428571428571,0.0342857142857143,0.0285714285714286,0.00571428571428571,0.0285714285714286,0.0628571428571429,0.08,0.0342857142857143,0.0285714285714286,0.04,0.0914285714285714,0.102857142857143,0.04,0.0114285714285714,0.0914285714285714
"sp|O43236|SEPT4_HUMAN",0.0460251046025105,0.0794979079497908,0.0355648535564854,0.0815899581589958,0.0167364016736402,0.0857740585774059,0.0460251046025105,0.0543933054393305,0.0251046025104603,0.0439330543933054,0.0753138075313808,0.0669456066945607,0.0209205020920502,0.0439330543933054,0.0711297071129707,0.0523012552301255,0.0523012552301255,0.0104602510460251,0.0271966527196653,0.0648535564853557
"sp|O43426|SYNJ1_HUMAN",0.0699300699300699,0.0546726001271456,0.0387794024157661,0.0508582326764145,0.0127145581691036,0.0591226954863319,0.0483153210425938,0.0623013350286078,0.0165289256198347,0.0413223140495868,0.0928162746344564,0.0546726001271456,0.0165289256198347,0.048951048951049,0.0839160839160839,0.106166560712015,0.0553083280356008,0.0120788302606484,0.0165289256198347,0.0584869675778767
"sp|O43464|HTRA2_HUMAN",0.106986899563319,0.0960698689956332,0.0240174672489083,0.0414847161572052,0.00218340611353712,0.0458515283842795,0.0349344978165939,0.0982532751091703,0.0131004366812227,0.0502183406113537,0.0982532751091703,0.0131004366812227,0.0131004366812227,0.0196506550218341,0.074235807860262,0.0720524017467249,0.0698689956331878,0.0131004366812227,0.0174672489082969,0.0960698689956332
"sp|O43676|NDUB3_HUMAN",0.0918367346938776,0.0408163265306122,0.0204081632653061,0.0408163265306122,0,0.0816326530612245,0.0204081632653061,0.102040816326531,0.0816326530612245,0.0204081632653061,0.0612244897959184,0.112244897959184,0.0306122448979592,0.0714285714285714,0.0306122448979592,0.0408163265306122,0.0204081632653061,0.0408163265306122,0.0408163265306122,0.0510204081632653
"sp|O43678|NDUA2_HUMAN",0.121212121212121,0.0909090909090909,0.0505050505050505,0.0404040404040404,0.0202020202020202,0.0606060606060606,0.0505050505050505,0.0707070707070707,0.0101010101010101,0.0505050505050505,0.101010101010101,0.0606060606060606,0.0101010101010101,0.0303030303030303,0.0505050505050505,0.0606060606060606,0.0202020202020202,0.0101010101010101,0.0202020202020202,0.0707070707070707
"sp|O60260|PRKN_HUMAN",0.0580645161290323,0.0666666666666667,0.0365591397849462,0.0494623655913978,0.0752688172043011,0.0602150537634409,0.0580645161290323,0.0817204301075269,0.032258064516129,0.032258064516129,0.0645161290322581,0.0387096774193548,0.0150537634408602,0.0365591397849462,0.0623655913978495,0.0645161290322581,0.0516129032258065,0.0172043010752688,0.021505376344086,0.0774193548387097
"sp|O60312|AT10A_HUMAN",0.0720480320213476,0.0707138092061374,0.0333555703802535,0.0406937958639093,0.0260173448965977,0.0593729152768512,0.0426951300867245,0.056704469646431,0.0233488992661775,0.0373582388258839,0.120747164776518,0.0420280186791194,0.0180120080053369,0.0446964643095397,0.0507004669779853,0.095396931287525,0.056704469646431,0.0133422281521014,0.0273515677118079,0.0687124749833222
"sp|O60733|PLPL9_HUMAN",0.0769230769230769,0.0632754342431762,0.0521091811414392,0.0471464019851117,0.0235732009925558,0.0595533498759305,0.043424317617866,0.0682382133995037,0.0359801488833747,0.0421836228287841,0.109181141439206,0.0397022332506203,0.0297766749379653,0.0409429280397022,0.0533498759305211,0.0595533498759305,0.0508684863523573,0.00992555831265509,0.0223325062034739,0.0719602977667494
"sp|O75061|AUXI_HUMAN",0.0602409638554217,0.0372398685651698,0.0383351588170865,0.0591456736035049,0.0142387732749179,0.0438116100766703,0.0536692223439211,0.0821467688937568,0.0284775465498357,0.0339539978094195,0.0788608981380066,0.0624315443592552,0.0230010952902519,0.0438116100766703,0.0909090909090909,0.099671412924425,0.0591456736035049,0.0131434830230011,0.0273822562979189,0.0503833515881709
"sp|O75165|DJC13_HUMAN",0.0753455193936692,0.0512706197057512,0.0468123049487294,0.0450289790459206,0.0178332590280874,0.0789121711992867,0.0401248328131966,0.0503789567543469,0.0254123941150245,0.0561747659384753,0.119482835488185,0.0633080695497102,0.0276415514935354,0.0445831475702185,0.0432456531431119,0.0633080695497102,0.0512706197057512,0.0111457868925546,0.0320998662505573,0.0566205974141774
"sp|O75251|NDUS7_HUMAN",0.103286384976526,0.103286384976526,0.0140845070422535,0.0422535211267606,0.0234741784037559,0.0234741784037559,0.0375586854460094,0.07981220657277,0.0140845070422535,0.0375586854460094,0.0751173708920188,0.0328638497652582,0.0469483568075117,0.0187793427230047,0.07981220657277,0.0751173708920188,0.028169014084507,0.0140845070422535,0.0516431924882629,0.0985915492957746
"sp|O75306|NDUS2_HUMAN",0.0734341252699784,0.0712742980561555,0.0259179265658747,0.0561555075593952,0.0151187904967603,0.0626349892008639,0.041036717062635,0.0777537796976242,0.0280777537796976,0.0518358531317495,0.0928725701943845,0.0475161987041037,0.0388768898488121,0.0388768898488121,0.0669546436285097,0.041036717062635,0.0388768898488121,0.0172786177105832,0.041036717062635,0.0734341252699784
"sp|O75380|NDUS6_HUMAN",0.0806451612903226,0.0887096774193548,0.032258064516129,0.0483870967741935,0.0483870967741935,0.0645161290322581,0.0403225806451613,0.112903225806452,0.0403225806451613,0.0403225806451613,0.0645161290322581,0.0483870967741935,0.0161290322580645,0.0403225806451613,0.032258064516129,0.0241935483870968,0.0645161290322581,0,0.032258064516129,0.0806451612903226
"sp|O75489|NDUS3_HUMAN",0.0871212121212121,0.0871212121212121,0.0340909090909091,0.0606060606060606,0.00757575757575758,0.071969696969697,0.0303030303030303,0.0454545454545455,0.0189393939393939,0.0340909090909091,0.0946969696969697,0.0454545454545455,0.00757575757575758,0.0606060606060606,0.0681818181818182,0.0492424242424242,0.0454545454545455,0.0189393939393939,0.0340909090909091,0.0984848484848485
"sp|O75581|LRP6_HUMAN",0.0595164290142591,0.060136391816491,0.0427774333539988,0.0756354618722877,0.0328580285182889,0.0551766893986361,0.0334779913205208,0.0688158710477371,0.022938623682579,0.0595164290142591,0.0867947923124612,0.0347179169249845,0.0192188468691878,0.0285182889026658,0.0564166150030998,0.0849349039057656,0.0576565406075635,0.0216986980781153,0.0384376937383757,0.0607563546187229
"sp|O75592|MYCB2_HUMAN",0.069687900812313,0.0468148781530569,0.0361265498076101,0.0519452757588713,0.0305686190679778,0.0656263360410432,0.039760581445062,0.0733219324497649,0.0294997862334331,0.0468148781530569,0.0929884566053869,0.0647712697734074,0.0226592560923472,0.0318512184694314,0.0523728088926892,0.0966224882428388,0.0553655408294143,0.0109020949123557,0.0220179563916203,0.0602821718683198
"sp|O94823|AT10B_HUMAN",0.054072553045859,0.0588637919233402,0.0355920602327173,0.0520191649555099,0.0287474332648871,0.0602327173169062,0.0465434633812457,0.052703627652293,0.0225872689938398,0.0554414784394251,0.107460643394935,0.0472279260780287,0.027378507871321,0.0499657768651608,0.0451745379876797,0.0896646132785763,0.0663928815879535,0.0143737166324435,0.028062970568104,0.0574948665297741
"sp|O95169|NDUB8_HUMAN",0.0591397849462366,0.0752688172043011,0.0376344086021505,0.0645161290322581,0.010752688172043,0.0537634408602151,0.0376344086021505,0.0752688172043011,0.032258064516129,0.010752688172043,0.0591397849462366,0.032258064516129,0.0645161290322581,0.0268817204301075,0.10752688172043,0.0376344086021505,0.0268817204301075,0.0376344086021505,0.0752688172043011,0.0752688172043011
"sp|O95263|PDE8B_HUMAN",0.0847457627118644,0.0621468926553672,0.0474576271186441,0.0632768361581921,0.0305084745762712,0.0610169491525424,0.0384180790960452,0.0451977401129944,0.0429378531073446,0.0655367231638418,0.0745762711864407,0.0485875706214689,0.0192090395480226,0.0372881355932203,0.0451977401129944,0.0858757062146893,0.0564971751412429,0.00903954802259887,0.0225988700564972,0.0598870056497175
"sp|O95298|NDUC2_HUMAN",0.0588235294117647,0.109243697478992,0.0168067226890756,0.0588235294117647,0.00840336134453781,0.0756302521008403,0.00840336134453781,0.0588235294117647,0.0252100840336134,0.0672268907563025,0.126050420168067,0.0504201680672269,0.0252100840336134,0.0756302521008403,0.092436974789916,0.0168067226890756,0.0336134453781513,0,0.0756302521008403,0.0168067226890756
"sp|O95299|NDUAA_HUMAN",0.0563380281690141,0.0591549295774648,0.0309859154929577,0.0619718309859155,0.0169014084507042,0.0619718309859155,0.0450704225352113,0.0619718309859155,0.0309859154929577,0.0507042253521127,0.104225352112676,0.0788732394366197,0.0140845070422535,0.0366197183098592,0.0422535211267606,0.0647887323943662,0.047887323943662,0.0140845070422535,0.0535211267605634,0.0676056338028169
"sp|O96000|NDUBA_HUMAN",0.0872093023255814,0.0988372093023256,0.0290697674418605,0.0697674418604651,0.0290697674418605,0.0813953488372093,0.104651162790698,0.0116279069767442,0.0116279069767442,0.0523255813953488,0.0348837209302326,0.0755813953488372,0.0465116279069767,0.0174418604651163,0.0523255813953488,0.0232558139534884,0.0290697674418605,0.0116279069767442,0.0755813953488372,0.0581395348837209
"sp|P00450|CERU_HUMAN",0.047887323943662,0.0375586854460094,0.0497652582159624,0.0619718309859155,0.0140845070422535,0.0769953051643193,0.0309859154929577,0.0723004694835681,0.0384976525821596,0.0544600938967136,0.0694835680751174,0.0619718309859155,0.0234741784037559,0.0488262910798122,0.0469483568075117,0.0572769953051643,0.0704225352112676,0.0178403755868545,0.060093896713615,0.0591549295774648
"sp|P03886|NU1M_HUMAN",0.0849056603773585,0.0220125786163522,0.0408805031446541,0.0125786163522013,0,0.0345911949685535,0.0188679245283019,0.0377358490566038,0.00628930817610063,0.0723270440251572,0.19811320754717,0.0220125786163522,0.050314465408805,0.050314465408805,0.0691823899371069,0.0660377358490566,0.110062893081761,0.0283018867924528,0.0440251572327044,0.0314465408805031
"sp|P03897|NU3M_HUMAN",0.0695652173913043,0.00869565217391304,0.0347826086956522,0.0260869565217391,0.00869565217391304,0.0434782608695652,0.0260869565217391,0.0260869565217391,0,0.0782608695652174,0.243478260869565,0.0260869565217391,0.0695652173913043,0.0695652173913043,0.0695652173913043,0.0521739130434783,0.0608695652173913,0.0347826086956522,0.0260869565217391,0.0260869565217391
"sp|P03923|NU6M_HUMAN",0.0459770114942529,0.0172413793103448,0.0229885057471264,0.0172413793103448,0.00574712643678161,0.0574712643678161,0,0.166666666666667,0,0.0689655172413793,0.109195402298851,0.0114942528735632,0.0574712643678161,0.0459770114942529,0.0229885057471264,0.0574712643678161,0.0229885057471264,0.028735632183908,0.0632183908045977,0.17816091954023
"sp|P04062|GBA1_HUMAN",0.0783582089552239,0.0447761194029851,0.0354477611940298,0.0485074626865672,0.0149253731343284,0.0391791044776119,0.0391791044776119,0.0690298507462687,0.0335820895522388,0.041044776119403,0.111940298507463,0.042910447761194,0.0205223880597015,0.0503731343283582,0.0690298507462687,0.082089552238806,0.0597014925373134,0.0242537313432836,0.0354477611940298,0.0597014925373134
"sp|P05067|A4_HUMAN",0.0818181818181818,0.0480519480519481,0.0402597402597403,0.0649350649350649,0.0233766233766234,0.119480519480519,0.0467532467532468,0.0493506493506494,0.0324675324675325,0.0311688311688312,0.0727272727272727,0.0532467532467532,0.0311688311688312,0.0272727272727273,0.0454545454545455,0.0454545454545455,0.0649350649350649,0.0116883116883117,0.025974025974026,0.0844155844155844
"sp|P05305|EDN1_HUMAN",0.0518867924528302,0.089622641509434,0.0424528301886792,0.0424528301886792,0.0518867924528302,0.0707547169811321,0.0330188679245283,0.0566037735849057,0.0330188679245283,0.0283018867924528,0.0849056603773585,0.0990566037735849,0.0235849056603774,0.0235849056603774,0.0518867924528302,0.0849056603773585,0.0377358490566038,0.0235849056603774,0.0235849056603774,0.0471698113207547
"sp|P07101|TY3H_HUMAN",0.117424242424242,0.0757575757575758,0.00568181818181818,0.0549242424242424,0.0132575757575758,0.0814393939393939,0.0435606060606061,0.0587121212121212,0.0284090909090909,0.0303030303030303,0.0965909090909091,0.0416666666666667,0.00757575757575758,0.0511363636363636,0.0738636363636364,0.0738636363636364,0.0454545454545455,0.00757575757575758,0.0321969696969697,0.0606060606060606
"sp|P07204|TRBM_HUMAN",0.111304347826087,0.0434782608695652,0.0295652173913043,0.0539130434782609,0.0852173913043478,0.0539130434782609,0.0452173913043478,0.102608695652174,0.0260869565217391,0.0278260869565217,0.088695652173913,0.0139130434782609,0.0104347826086957,0.0295652173913043,0.0921739130434783,0.0556521739130435,0.0417391304347826,0.0104347826086957,0.0191304347826087,0.0591304347826087
"sp|P07602|SAP_HUMAN",0.066793893129771,0.0152671755725191,0.0362595419847328,0.0515267175572519,0.0610687022900763,0.0858778625954199,0.0438931297709924,0.0419847328244275,0.0209923664122137,0.049618320610687,0.106870229007634,0.0820610687022901,0.0324427480916031,0.0190839694656489,0.0610687022900763,0.0591603053435115,0.0438931297709924,0.0114503816793893,0.0229007633587786,0.0877862595419847
"sp|P08254|MMP3_HUMAN",0.0607966457023061,0.0482180293501048,0.0335429769392034,0.0754716981132075,0.010482180293501,0.0628930817610063,0.0188679245283019,0.0670859538784067,0.0272536687631027,0.0440251572327044,0.090146750524109,0.0691823899371069,0.0146750524109015,0.0670859538784067,0.0775681341719078,0.0607966457023061,0.0566037735849057,0.0167714884696017,0.0356394129979036,0.0628930817610063
"sp|P09936|UCHL1_HUMAN",0.0896860986547085,0.0403587443946188,0.0493273542600897,0.0493273542600897,0.0269058295964126,0.0986547085201794,0.0538116591928251,0.0672645739910314,0.0269058295964126,0.031390134529148,0.103139013452915,0.0717488789237668,0.0269058295964126,0.0582959641255605,0.0403587443946188,0.0493273542600897,0.0269058295964126,0.00448430493273543,0.00896860986547085,0.0762331838565022
"sp|P10636|TAU_HUMAN",0.079155672823219,0.0395778364116095,0.0171503957783641,0.0567282321899736,0.00527704485488127,0.0778364116094987,0.0435356200527705,0.108179419525066,0.0263852242744063,0.0263852242744063,0.0567282321899736,0.0844327176781003,0.0118733509234828,0.0118733509234828,0.122691292875989,0.104221635883905,0.0659630606860158,0,0.0079155672823219,0.054089709762533
"sp|P11509|CP2A6_HUMAN",0.0404858299595142,0.0668016194331984,0.0384615384615385,0.0465587044534413,0.00607287449392713,0.062753036437247,0.048582995951417,0.0728744939271255,0.0182186234817814,0.0465587044534413,0.0991902834008097,0.0607287449392713,0.0404858299595142,0.0870445344129555,0.0546558704453441,0.062753036437247,0.0526315789473684,0.00404858299595142,0.0222672064777328,0.0688259109311741
"sp|P16435|NCPR_HUMAN",0.0753323485967504,0.0561299852289513,0.0369276218611521,0.0605612998522895,0.0118168389955687,0.0827178729689808,0.0384047267355982,0.0664697193500739,0.0280649926144756,0.0398818316100443,0.0960118168389956,0.0531757754800591,0.0265878877400295,0.0413589364844904,0.0384047267355982,0.0664697193500739,0.0502215657311669,0.0132939438700148,0.0457902511078287,0.0723781388478582
"sp|P17568|NDUB7_HUMAN",0.072992700729927,0.124087591240876,0.0072992700729927,0.072992700729927,0.0291970802919708,0.0948905109489051,0.0583941605839416,0.0437956204379562,0.0364963503649635,0.0072992700729927,0.102189781021898,0.0802919708029197,0.0510948905109489,0.0364963503649635,0.0656934306569343,0.0145985401459854,0.0145985401459854,0.0072992700729927,0.0364963503649635,0.0437956204379562
"sp|P18859|ATP5J_HUMAN",0.0555555555555556,0.0740740740740741,0.037037037037037,0.0462962962962963,0,0.0833333333333333,0.0648148148148148,0.037037037037037,0.00925925925925926,0.0555555555555556,0.0740740740740741,0.0925925925925926,0.0277777777777778,0.0925925925925926,0.0462962962962963,0.0740740740740741,0.037037037037037,0,0.0185185185185185,0.0740740740740741
"sp|P19404|NDUV2_HUMAN",0.0923694779116466,0.0481927710843374,0.0522088353413655,0.0401606425702811,0.0200803212851406,0.0642570281124498,0.0321285140562249,0.0803212851405622,0.0240963855421687,0.0522088353413655,0.0803212851405622,0.0642570281124498,0.0281124497991968,0.036144578313253,0.0803212851405622,0.0281124497991968,0.0642570281124498,0.00803212851405622,0.0321285140562249,0.072289156626506
"sp|P19484|TFEB_HUMAN",0.0651260504201681,0.0588235294117647,0.0399159663865546,0.0483193277310924,0.00210084033613445,0.0714285714285714,0.0819327731092437,0.0546218487394958,0.0315126050420168,0.0294117647058824,0.111344537815126,0.0399159663865546,0.0441176470588235,0.0168067226890756,0.105042016806723,0.100840336134454,0.0315126050420168,0.00420168067226891,0.0189075630252101,0.0441176470588235
"sp|P20336|RAB3A_HUMAN",0.0727272727272727,0.05,0.0409090909090909,0.0909090909090909,0.0181818181818182,0.0545454545454545,0.0636363636363636,0.0545454545454545,0.00909090909090909,0.0590909090909091,0.05,0.0590909090909091,0.0272727272727273,0.0590909090909091,0.0227272727272727,0.0818181818181818,0.0681818181818182,0.0136363636363636,0.0409090909090909,0.0636363636363636
"sp|P20702|ITAX_HUMAN",0.0713671539122958,0.0507308684436801,0.0395528804815133,0.0421324161650903,0.0180567497850387,0.0515907136715391,0.05932932072227,0.0773860705073087,0.0197764402407567,0.0404127257093723,0.105760963026655,0.0343938091143594,0.0171969045571797,0.0507308684436801,0.0490111779879622,0.0928632846087704,0.0627687016337059,0.0128976784178848,0.0266552020636285,0.0773860705073087
"sp|P21554|CNR1_HUMAN",0.0720338983050847,0.0423728813559322,0.0360169491525424,0.0508474576271186,0.0275423728813559,0.0317796610169492,0.0296610169491525,0.0444915254237288,0.0275423728813559,0.0805084745762712,0.11228813559322,0.0508474576271186,0.0338983050847458,0.0593220338983051,0.0338983050847458,0.0847457627118644,0.0614406779661017,0.0105932203389831,0.0296610169491525,0.0805084745762712
"sp|P23560|BDNF_HUMAN",0.0566801619433198,0.0769230769230769,0.0364372469635627,0.0526315789473684,0.0283400809716599,0.0647773279352227,0.0283400809716599,0.0728744939271255,0.0161943319838057,0.0404858299595142,0.0850202429149798,0.0688259109311741,0.0404858299595142,0.0242914979757085,0.0404858299595142,0.0728744939271255,0.0769230769230769,0.0121457489878543,0.0364372469635627,0.0688259109311741
"sp|P24386|RAE1_HUMAN",0.0566615620214395,0.0444104134762634,0.0444104134762634,0.0566615620214395,0.0352220520673813,0.0980091883614089,0.0413476263399694,0.0428790199081164,0.0153139356814701,0.0581929555895865,0.0842266462480858,0.0474732006125574,0.0245022970903522,0.0398162327718224,0.0459418070444104,0.0995405819295559,0.0612557427258806,0.00612557427258806,0.0367534456355283,0.0612557427258806
"sp|P25021|HRH2_HUMAN",0.0835654596100279,0.0612813370473538,0.052924791086351,0.0306406685236769,0.0362116991643454,0.0250696378830084,0.0306406685236769,0.0445682451253482,0.0139275766016713,0.0724233983286908,0.13091922005571,0.0362116991643454,0.0167130919220056,0.0417827298050139,0.0306406685236769,0.0752089136490251,0.0724233983286908,0.0194986072423398,0.0362116991643454,0.0891364902506964
"sp|P26374|RAE2_HUMAN",0.0457317073170732,0.038109756097561,0.0426829268292683,0.0594512195121951,0.0335365853658537,0.0960365853658537,0.0457317073170732,0.0487804878048781,0.0198170731707317,0.0533536585365854,0.086890243902439,0.0625,0.0198170731707317,0.0457317073170732,0.0426829268292683,0.0914634146341463,0.0655487804878049,0.00609756097560976,0.0335365853658537,0.0625
"sp|P28331|NDUS1_HUMAN",0.0907840440165062,0.0563961485557084,0.0371389270976616,0.061898211829436,0.0247592847317744,0.0591471801925722,0.0385144429160935,0.0729023383768913,0.0123796423658872,0.0605226960110041,0.0907840440165062,0.0550206327372765,0.0330123796423659,0.0247592847317744,0.0481430536451169,0.0577716643741403,0.061898211829436,0.00962861072902338,0.0220082530949106,0.0825309491059147
"sp|P31150|GDIA_HUMAN",0.0514541387024608,0.0469798657718121,0.0425055928411633,0.0715883668903803,0.0246085011185682,0.0738255033557047,0.0357941834451902,0.0693512304250559,0.0111856823266219,0.0671140939597315,0.0805369127516778,0.0648769574944072,0.0313199105145414,0.0425055928411633,0.0469798657718121,0.0559284116331096,0.0536912751677852,0.00223713646532438,0.0559284116331096,0.0715883668903803
"sp|P32019|I5P2_HUMAN",0.054380664652568,0.054380664652568,0.0382678751258812,0.0604229607250755,0.0221550855991944,0.081570996978852,0.0443101711983887,0.067472306143001,0.0281973816717019,0.0473313192346425,0.105740181268882,0.05337361530715,0.027190332326284,0.0463242698892246,0.0433031218529708,0.0735146022155086,0.0453172205438066,0.014098690835851,0.0342396777442095,0.0584088620342397
"sp|P35228|NOS2_HUMAN",0.0624457935819601,0.0581092801387684,0.0320901994796184,0.0450997398091934,0.023417172593235,0.0659150043365134,0.0537727666955768,0.0589765828274068,0.0346921075455334,0.0355594102341717,0.101474414570685,0.0581092801387684,0.0251517779705117,0.0442324371205551,0.0633130962705984,0.0676496097137901,0.0511708586296618,0.018213356461405,0.0320901994796184,0.0685169124024285
"sp|P37840|SYUA_HUMAN",0.135714285714286,0,0.0214285714285714,0.0428571428571429,0,0.128571428571429,0.0428571428571429,0.128571428571429,0.00714285714285714,0.0142857142857143,0.0285714285714286,0.107142857142857,0.0285714285714286,0.0142857142857143,0.0357142857142857,0.0285714285714286,0.0714285714285714,0,0.0285714285714286,0.135714285714286
"sp|P49754|VPS41_HUMAN",0.0468384074941452,0.0468384074941452,0.0362997658079625,0.0644028103044497,0.0245901639344262,0.0983606557377049,0.0339578454332553,0.0456674473067916,0.0362997658079625,0.0725995316159251,0.110070257611241,0.0807962529274005,0.0245901639344262,0.0327868852459016,0.0362997658079625,0.0690866510538642,0.0292740046838408,0.0117096018735363,0.0374707259953162,0.0620608899297424
"sp|P49815|TSC2_HUMAN",0.0724958494742667,0.0641947980077476,0.0298837852794687,0.0448256779192031,0.0204759269507471,0.0675152185943553,0.0392916436081904,0.0531267293857222,0.0271167681239624,0.0420586607636967,0.122855561704483,0.0459324847814056,0.0188157166574433,0.0337576092971776,0.0625345877144438,0.100719424460432,0.0437188710570006,0.00830105146651909,0.0265633646928611,0.0758162700608744
"sp|P49821|NDUV1_HUMAN",0.084051724137931,0.0732758620689655,0.0258620689655172,0.0474137931034483,0.0258620689655172,0.0689655172413793,0.0258620689655172,0.116379310344828,0.021551724137931,0.0560344827586207,0.0775862068965517,0.0538793103448276,0.0193965517241379,0.0387931034482759,0.0495689655172414,0.0538793103448276,0.0538793103448276,0.021551724137931,0.021551724137931,0.0646551724137931
"sp|P50395|GDIB_HUMAN",0.0426966292134831,0.049438202247191,0.0382022471910112,0.0629213483146067,0.0179775280898876,0.0764044943820225,0.0292134831460674,0.0696629213483146,0.0112359550561798,0.0831460674157303,0.0808988764044944,0.0831460674157303,0.0269662921348315,0.0404494382022472,0.0471910112359551,0.0584269662921348,0.0561797752808989,0.00224719101123596,0.0584269662921348,0.0651685393258427
"sp|P51955|NEK2_HUMAN",0.049438202247191,0.0876404494382022,0.0426966292134831,0.0471910112359551,0.0157303370786517,0.103370786516854,0.0426966292134831,0.0471910112359551,0.0179775280898876,0.0471910112359551,0.132584269662921,0.0853932584269663,0.0269662921348315,0.0224719101123595,0.0314606741573034,0.0741573033707865,0.0382022471910112,0.00449438202247191,0.0404494382022472,0.0426966292134831
"sp|P51970|NDUA8_HUMAN",0.0523255813953488,0.0697674418604651,0.0174418604651163,0.063953488372093,0.0465116279069767,0.0930232558139535,0.0406976744186047,0.0465116279069767,0.0348837209302326,0.0290697674418605,0.0872093023255814,0.0930232558139535,0.0116279069767442,0.0465116279069767,0.0813953488372093,0.0348837209302326,0.0465116279069767,0.0232558139534884,0.0290697674418605,0.0523255813953488
"sp|P53611|PGTB2_HUMAN",0.054380664652568,0.0362537764350453,0.0302114803625378,0.0664652567975831,0.0362537764350453,0.0664652567975831,0.0392749244712991,0.0906344410876133,0.027190332326284,0.0694864048338369,0.114803625377644,0.0453172205438066,0.027190332326284,0.0392749244712991,0.0392749244712991,0.0664652567975831,0.0332326283987915,0.0211480362537764,0.0332326283987915,0.0634441087613293
"sp|P54098|DPOG1_HUMAN",0.0831315577078289,0.066182405165456,0.0217917675544794,0.0460048426150121,0.0161420500403551,0.0734463276836158,0.0710250201775626,0.0742534301856336,0.0234059725585149,0.0314769975786925,0.104116222760291,0.0468119451170299,0.0274414850686037,0.0258272800645682,0.0718321226795803,0.0605326876513317,0.0427764326069411,0.029862792574657,0.026634382566586,0.0573042776432607
"sp|P55072|TERA_HUMAN",0.0806451612903226,0.0719602977667494,0.0397022332506203,0.0769230769230769,0.0148883374689826,0.0843672456575682,0.032258064516129,0.0781637717121588,0.0124069478908189,0.0732009925558313,0.0856079404466501,0.0583126550868486,0.0248138957816377,0.0384615384615385,0.0533498759305211,0.0496277915632754,0.0397022332506203,0.00372208436724566,0.0161290322580645,0.0657568238213399
"sp|P56556|NDUA6_HUMAN",0.0546875,0.1015625,0.0234375,0.0546875,0,0.0703125,0.03125,0.0390625,0.0390625,0.0390625,0.046875,0.0859375,0.046875,0.0625,0.046875,0.0390625,0.0703125,0.015625,0.0234375,0.109375
"sp|P58012|FOXL2_HUMAN",0.172872340425532,0.0425531914893617,0.0265957446808511,0.0212765957446809,0.0159574468085106,0.0398936170212766,0.0292553191489362,0.11968085106383,0.0372340425531915,0.0186170212765957,0.0611702127659574,0.0452127659574468,0.0265957446808511,0.023936170212766,0.162234042553191,0.0558510638297872,0.023936170212766,0.0106382978723404,0.0425531914893617,0.023936170212766
"sp|P59773|MNARL_HUMAN",0.0473684210526316,0.0421052631578947,0.0631578947368421,0.0526315789473684,0.00526315789473684,0.0578947368421053,0.0368421052631579,0.0421052631578947,0.0315789473684211,0.0473684210526316,0.126315789473684,0.0736842105263158,0.0315789473684211,0.0368421052631579,0.0578947368421053,0.1,0.0526315789473684,0.0157894736842105,0.0263157894736842,0.0526315789473684
"sp|P61006|RAB8A_HUMAN",0.0628019323671498,0.0628019323671498,0.0579710144927536,0.072463768115942,0.0144927536231884,0.0579710144927536,0.0338164251207729,0.0676328502415459,0.00483091787439614,0.0917874396135266,0.072463768115942,0.0966183574879227,0.0289855072463768,0.0628019323671498,0.00966183574879227,0.0579710144927536,0.0628019323671498,0.00966183574879227,0.0289855072463768,0.0434782608695652
"sp|P61026|RAB10_HUMAN",0.05,0.045,0.05,0.07,0.02,0.065,0.02,0.085,0.015,0.09,0.075,0.105,0.025,0.055,0.015,0.055,0.075,0.015,0.02,0.05
"sp|P68036|UB2L3_HUMAN",0.0714285714285714,0.051948051948052,0.0584415584415584,0.0584415584415584,0.0194805194805195,0.0909090909090909,0.038961038961039,0.0324675324675325,0.012987012987013,0.0714285714285714,0.0649350649350649,0.116883116883117,0.0194805194805195,0.0454545454545455,0.0909090909090909,0.025974025974026,0.038961038961039,0.012987012987013,0.0324675324675325,0.0454545454545455
"sp|P78352|DLG4_HUMAN",0.074585635359116,0.0662983425414365,0.0345303867403315,0.0676795580110497,0.00828729281767956,0.0814917127071823,0.031767955801105,0.0787292817679558,0.031767955801105,0.074585635359116,0.0718232044198895,0.0524861878453039,0.0124309392265193,0.031767955801105,0.0497237569060773,0.0787292817679558,0.0455801104972376,0.0069060773480663,0.0359116022099447,0.0649171270718232
"sp|P78380|OLR1_HUMAN",0.0805860805860806,0.032967032967033,0.0476190476190476,0.0366300366300366,0.032967032967033,0.0695970695970696,0.0842490842490843,0.0476190476190476,0.0183150183150183,0.0402930402930403,0.120879120879121,0.0732600732600733,0.0256410256410256,0.032967032967033,0.0366300366300366,0.0879120879120879,0.0402930402930403,0.0293040293040293,0.0256410256410256,0.0366300366300366
"sp|Q00535|CDK5_HUMAN",0.0547945205479452,0.0547945205479452,0.0445205479452055,0.0719178082191781,0.0273972602739726,0.0582191780821918,0.0308219178082192,0.0547945205479452,0.023972602739726,0.0376712328767123,0.136986301369863,0.0787671232876712,0.0136986301369863,0.0513698630136986,0.0650684931506849,0.0479452054794521,0.0410958904109589,0.0102739726027397,0.0342465753424658,0.0616438356164384
"sp|Q00610|CLH1_HUMAN",0.0805970149253731,0.048955223880597,0.0555223880597015,0.0507462686567164,0.0185074626865672,0.08,0.0567164179104478,0.0411940298507463,0.0208955223880597,0.0585074626865672,0.109850746268657,0.0573134328358209,0.0244776119402985,0.0441791044776119,0.0423880597014925,0.0495522388059702,0.0394029850746269,0.0107462686567164,0.0411940298507463,0.0692537313432836
"sp|Q03135|CAV1_HUMAN",0.0561797752808989,0.0280898876404494,0.0393258426966292,0.0617977528089888,0.0168539325842697,0.0617977528089888,0.0224719101123595,0.050561797752809,0.0337078651685393,0.106741573033708,0.0730337078651685,0.0674157303370786,0.0168539325842697,0.0617977528089888,0.0393258426966292,0.0617977528089888,0.0449438202247191,0.0224719101123595,0.050561797752809,0.0842696629213483
"sp|Q04637|IF4G1_HUMAN",0.0863039399624766,0.0612883051907442,0.026266416510319,0.0437773608505316,0.00813008130081301,0.104440275171982,0.0525328330206379,0.0675422138836773,0.0118824265165729,0.0400250156347717,0.0869293308317699,0.0600375234521576,0.0200125078173859,0.0256410256410256,0.101313320825516,0.0769230769230769,0.0512820512820513,0.0075046904315197,0.0175109443402126,0.050656660412758
"sp|Q04721|NOTC2_HUMAN",0.0692027519222987,0.0372318899231081,0.0578713071630919,0.0615135572642655,0.0983407527316876,0.0522055847834885,0.0477539457709429,0.0886280857952246,0.0307567786321327,0.0319708619991906,0.0692027519222987,0.0291380008093889,0.01902063941724,0.0238769728854715,0.0732496964791582,0.0732496964791582,0.0546337515176042,0.00768919465803319,0.0263051396195872,0.0481586402266289
"sp|Q13127|REST_HUMAN",0.0610756608933455,0.0373746581586144,0.0474020054694622,0.0428441203281677,0.0218778486782133,0.108477666362808,0.0510483135824977,0.0528714676390155,0.0346399270738377,0.0237010027347311,0.0556061987237922,0.101185050136737,0.03281677301732,0.01640838650866,0.0847766636280766,0.0856882406563355,0.0464904284412033,0.00182315405651778,0.0200546946216955,0.0738377392889699
"sp|Q13155|AIMP2_HUMAN",0.075,0.0375,0.05625,0.04375,0.01875,0.046875,0.053125,0.0625,0.025,0.04375,0.125,0.0625,0.025,0.03125,0.059375,0.071875,0.05,0.015625,0.021875,0.075
"sp|Q13501|SQSTM_HUMAN",0.075,0.0568181818181818,0.0204545454545455,0.0568181818181818,0.0318181818181818,0.0931818181818182,0.0272727272727273,0.0909090909090909,0.0295454545454545,0.025,0.0795454545454545,0.0454545454545455,0.0227272727272727,0.0272727272727273,0.0977272727272727,0.111363636363636,0.0318181818181818,0.0136363636363636,0.0204545454545455,0.0431818181818182
"sp|Q13510|ASAH1_HUMAN",0.0481012658227848,0.0405063291139241,0.0556962025316456,0.0506329113924051,0.020253164556962,0.0531645569620253,0.0227848101265823,0.0734177215189873,0.0126582278481013,0.0607594936708861,0.10379746835443,0.0658227848101266,0.0253164556962025,0.0506329113924051,0.0582278481012658,0.0481012658227848,0.0759493670886076,0.0253164556962025,0.0379746835443038,0.0708860759493671
"sp|Q15014|MO4L2_HUMAN",0.09375,0.0625,0.0486111111111111,0.0347222222222222,0.00347222222222222,0.0763888888888889,0.0555555555555556,0.0659722222222222,0.0138888888888889,0.0173611111111111,0.09375,0.104166666666667,0.0243055555555556,0.0277777777777778,0.0694444444444444,0.0729166666666667,0.0347222222222222,0.0104166666666667,0.0381944444444444,0.0520833333333333
"sp|Q15257|PTPA_HUMAN",0.0810055865921788,0.0391061452513966,0.0363128491620112,0.0446927374301676,0.0223463687150838,0.0893854748603352,0.0391061452513966,0.053072625698324,0.0307262569832402,0.0558659217877095,0.0782122905027933,0.0670391061452514,0.0223463687150838,0.0502793296089385,0.0670391061452514,0.053072625698324,0.0418994413407821,0.0223463687150838,0.0335195530726257,0.0726256983240224
"sp|Q16143|SYUB_HUMAN",0.134328358208955,0.0149253731343284,0.00746268656716418,0.0223880597014925,0,0.186567164179104,0.0447761194029851,0.0970149253731343,0.00746268656716418,0.0149253731343284,0.0522388059701493,0.082089552238806,0.0298507462686567,0.0223880597014925,0.0597014925373134,0.0447761194029851,0.0522388059701493,0,0.0298507462686567,0.0970149253731343
"sp|Q16342|PDCD2_HUMAN",0.0784883720930233,0.0552325581395349,0.0174418604651163,0.0465116279069767,0.0552325581395349,0.0959302325581395,0.0465116279069767,0.0726744186046512,0.0261627906976744,0.0552325581395349,0.0930232558139535,0.0494186046511628,0.0145348837209302,0.0465116279069767,0.0843023255813953,0.0523255813953488,0.0290697674418605,0.0174418604651163,0.0261627906976744,0.0377906976744186
"sp|Q16795|NDUA9_HUMAN",0.0795755968169761,0.0769230769230769,0.0291777188328912,0.0503978779840849,0.00795755968169761,0.0424403183023873,0.0238726790450928,0.0636604774535809,0.0397877984084881,0.0689655172413793,0.0848806366047745,0.0583554376657825,0.0238726790450928,0.0557029177718833,0.0583554376657825,0.0663129973474801,0.0291777188328912,0.0159151193633952,0.0238726790450928,0.10079575596817
"sp|Q330K2|NDUF6_HUMAN",0.0780780780780781,0.0750750750750751,0.03003003003003,0.0540540540540541,0.021021021021021,0.048048048048048,0.039039039039039,0.0510510510510511,0.042042042042042,0.048048048048048,0.123123123123123,0.0690690690690691,0.021021021021021,0.033033033033033,0.0510510510510511,0.0630630630630631,0.036036036036036,0.018018018018018,0.039039039039039,0.0600600600600601
"sp|Q38SD2|LRRK1_HUMAN",0.0714640198511166,0.0570719602977667,0.0352357320099256,0.0511166253101737,0.0272952853598015,0.0650124069478908,0.0451612903225806,0.0580645161290323,0.0223325062034739,0.0436724565756824,0.119602977667494,0.0501240694789082,0.0228287841191067,0.0377171215880893,0.0580645161290323,0.0784119106699752,0.0486352357320099,0.0153846153846154,0.026302729528536,0.0665012406947891
"sp|Q4VNC1|AT134_HUMAN",0.0618729096989967,0.0434782608695652,0.0334448160535117,0.0351170568561873,0.0267558528428094,0.0627090301003344,0.0409698996655518,0.0602006688963211,0.0217391304347826,0.0760869565217391,0.107859531772575,0.0459866220735786,0.0267558528428094,0.0476588628762542,0.0468227424749164,0.0777591973244147,0.0602006688963211,0.0175585284280936,0.0301003344481605,0.0769230769230769
"sp|Q5EBL4|RIPL1_HUMAN",0.0595533498759305,0.0843672456575682,0.032258064516129,0.054590570719603,0.00248138957816377,0.161290322580645,0.0744416873449131,0.0397022332506203,0.0372208436724566,0.0347394540942928,0.114143920595533,0.0669975186104218,0.0272952853598015,0.0223325062034739,0.032258064516129,0.0471464019851117,0.0272952853598015,0.00496277915632754,0.00992555831265509,0.0669975186104218
"sp|Q5S007|LRRK2_HUMAN",0.0502572220023744,0.0415512465373961,0.0506529481598734,0.0486743173723783,0.0253264740799367,0.072813612979818,0.0415512465373961,0.0470914127423823,0.0312623664424218,0.0633161851998417,0.140878512069648,0.0696478037198259,0.0277008310249307,0.037989711119905,0.037198258804907,0.0811238622872972,0.037989711119905,0.0102888800949743,0.0213692125049466,0.0633161851998417
"sp|Q5TEU4|NDUF5_HUMAN",0.0811594202898551,0.0753623188405797,0.0492753623188406,0.0521739130434783,0.0115942028985507,0.0753623188405797,0.0318840579710145,0.0782608695652174,0.0173913043478261,0.0434782608695652,0.101449275362319,0.0434782608695652,0.0260869565217391,0.0434782608695652,0.0579710144927536,0.0579710144927536,0.0492753623188406,0.0173913043478261,0.0376811594202899,0.0492753623188406
"sp|Q6IQ22|RAB12_HUMAN",0.0614754098360656,0.0737704918032787,0.0245901639344262,0.0737704918032787,0.0245901639344262,0.0655737704918033,0.0450819672131148,0.0860655737704918,0.00409836065573771,0.0737704918032787,0.0901639344262295,0.0819672131147541,0.0245901639344262,0.040983606557377,0.0614754098360656,0.0532786885245902,0.0491803278688525,0.00819672131147541,0.0163934426229508,0.040983606557377
"sp|Q6NUN9|ZN746_HUMAN",0.0760869565217391,0.0574534161490683,0.0217391304347826,0.0434782608695652,0.0248447204968944,0.0714285714285714,0.0450310559006211,0.118012422360248,0.0263975155279503,0.0263975155279503,0.0807453416149068,0.0496894409937888,0.0139751552795031,0.0295031055900621,0.107142857142857,0.0714285714285714,0.062111801242236,0.0217391304347826,0.0108695652173913,0.0419254658385093
"sp|Q6Y7W6|GGYF2_HUMAN",0.0608160123171671,0.0916089299461124,0.0354118552732871,0.0431100846805235,0.0046189376443418,0.127790608160123,0.116243264049269,0.0600461893764434,0.014626635873749,0.0200153964588145,0.0800615858352579,0.054657428791378,0.0238645111624326,0.0277136258660508,0.0569668976135489,0.0762124711316397,0.037721324095458,0.0169361046959199,0.0123171670515781,0.0392609699769053
